          0.76096271 	           0.07931502 	          0.40493678 	           0.00506271 	
          0.44782885 	           0.08352639 	          0.37755290 	           0.00118375 	
          0.01652300 	           0.59311195 	          0.19791705 	           0.27313025 	
          0.34467301 	           0.83690157 	          0.20950041 	           0.39928162 	
          0.13665870 	           0.67815708 	          0.10950993 	           0.17647596 	
          0.05860495 	           0.78026813 	          0.24191710 	           0.63249352 	
          0.05781338 	           0.13821945 	          0.01266202 	           0.00770883 	
          0.11465546 	           0.67364472 	          0.00241685 	           0.76401938 	
          0.15603208 	           0.38622600 	          0.12230856 	           0.02830989 	
          0.93132864 	           0.21821369 	          0.03083274 	           0.98354117 	
          0.15481599 	           0.81461062 	          0.10429968 	           0.06061501 	
          0.31483007 	           0.06042479 	          0.20238659 	           0.02329827 	
          0.37585322 	           0.17055916 	          0.85150113 	           0.01947860 	
          0.18240792 	           0.36650051 	          0.07182650 	           0.07587226 	
          0.11745709 	           0.72222815 	          0.01829997 	           0.32822650 	
          0.79211202 	           0.95745151 	          0.49855109 	           0.50429120 	
          0.02332041 	           0.14142216 	          0.07222572 	           0.24809741 	
          0.81826371 	           0.06092200 	          0.04151113 	           0.06721040 	
          0.06977975 	           0.44918638 	          0.05759199 	           0.00046528 	
          0.63488673 	           0.89313229 	          0.09164289 	           0.01665434 	
          0.04016876 	           0.22678917 	          0.07383359 	           0.00167104 	
          0.01702205 	           0.02048103 	          0.10806466 	           0.00077637 	
          0.02908129 	           0.23945895 	          0.12550390 	           0.00548771 	
          0.30170067 	           0.31915535 	          0.09069194 	           0.27180277 	
          0.07039407 	           0.04842603 	          0.05830780 	           0.07188342 	
          0.28971136 	           0.61174583 	          0.00202623 	           0.06363077 	
          0.58276538 	           0.61971969 	          0.24235083 	           0.11506872 	
          0.20856881 	           0.21588961 	          0.02527970 	           0.93398089 	
          0.21824639 	           0.24402792 	          0.14490155 	           0.76150932 	
          0.00894217 	           0.39182087 	          0.33510284 	           0.69105298 	
          0.41156362 	           0.50905569 	          0.11310623 	           0.58053552 	
          0.13900892 	           0.91687900 	          0.70739547 	           0.90972892 	
          0.45947898 	           0.00310960 	          0.07902545 	           0.48316195 	
          0.01614218 	           0.01328748 	          0.08846491 	           0.21170103 	
          0.00084636 	           0.13886011 	          0.11910511 	           0.04075720 	
          0.01655257 	           0.06897215 	          0.09266752 	           0.28217630 	
          0.30024026 	           0.16918661 	          0.04918865 	           0.00090096 	
          0.58611928 	           0.67485368 	          0.03461470 	           0.01375058 	
          0.44528790 	           0.82855121 	          0.03711090 	           0.28137546 	
          0.39146679 	           0.61681551 	          0.21150926 	           0.90804687 	
          0.68045269 	           0.15493513 	          0.96424059 	           0.47368348 	
          0.19357181 	           0.48452260 	          0.29556890 	           0.14729914 	
          0.13194004 	           0.24056859 	          0.12786513 	           0.09941583 	
          0.43224568 	           0.58862624 	          0.84493884 	           0.14042105 	
          0.45778357 	           0.14384391 	          0.06961681 	           0.00987762 	
          0.06826331 	           0.89546951 	          0.02212904 	           0.03711835 	
          0.99512383 	           0.79095696 	          0.83143468 	           0.01512306 	
          0.11293579 	           0.28520154 	          0.17264001 	           0.09369569 	
          0.08046846 	           0.00232475 	          0.01194695 	           0.01284654 	
          0.36813503 	           0.86139790 	          0.14546788 	           0.79712745 	
          0.43546439 	           0.57004094 	          0.93432325 	           0.00890812 	
          0.34250089 	           0.01871689 	          0.00195118 	           0.16428255 	
          0.08821732 	           0.33034748 	          0.00221655 	           0.29557380 	
          0.23436168 	           0.09886103 	          0.03317524 	           0.00409946 	
          0.56749363 	           0.70747192 	          0.00071995 	           0.00012367 	
          0.79466656 	           0.84300858 	          0.00216166 	           0.00085848 	
          0.27883474 	           0.09944419 	          0.49014474 	           0.18639146 	
          0.13991074 	           0.51048125 	          0.15446005 	           0.32102346 	
          0.16275562 	           0.16997732 	          0.07185347 	           0.25274720 	
          0.16421206 	           0.67239909 	          0.48218611 	           0.28463376 	
          0.00097654 	           0.95161430 	          0.01624298 	           0.08338533 	
          0.36550438 	           0.05451095 	          0.00009887 	           0.01084864 	
          0.07000015 	           0.81793219 	          0.00000235 	           0.11079027 	
          0.04236372 	           0.03030056 	          0.00313397 	           0.00432792 	
          0.06668003 	           0.66565675 	          0.41050683 	           0.00524039 	
          0.01480043 	           0.00397917 	          0.01157334 	           0.12253829 	
          0.06700154 	           0.72349340 	          0.26314988 	           0.02947091 	
          0.20961803 	           0.17404177 	          0.00001121 	           0.70766099 	
          0.42289473 	           0.63132735 	          0.00320160 	           0.09363659 	
          0.78878450 	           0.91219528 	          0.01226818 	           0.14462583 	
          0.26291158 	           0.63097019 	          0.00928921 	           0.03886864 	
          0.17268988 	           0.86316503 	          0.00551786 	           0.59978249 	
          0.42474983 	           0.13514298 	          0.00000007 	           0.54382615 	
          0.57987475 	           0.85194408 	          0.00007567 	           0.55454949 	
          0.18640120 	           0.07292523 	          0.00568708 	           0.05490078 	
          0.58217443 	           0.39712743 	          0.00000428 	           0.09350580 	
          0.27171824 	           0.16641215 	          0.37887881 	           0.03044600 	
          0.14236475 	           0.09853558 	          0.34963417 	           0.39392868 	
          0.12593022 	           0.13881319 	          0.38363589 	           0.00136862 	
          0.11924429 	           0.39918598 	          0.88501534 	           0.30562136 	
          0.00673572 	           0.02109122 	          0.40974700 	           0.15729921 	
          0.03597330 	           0.88424118 	          0.00000218 	           0.77043127 	
          0.24215458 	           0.08761988 	          0.00020897 	           0.00785025 	
          0.04608321 	           0.54741779 	          0.00246452 	           0.02327449 	
          0.00733999 	           0.52745102 	          0.53017580 	           0.20709394 	
          0.00885962 	           0.09490037 	          0.05529034 	           0.04251772 	
          0.00034363 	           0.21480902 	          0.00000008 	           0.03450156 	
          0.46453236 	           0.56174007 	          0.00061332 	           0.03929705 	
          0.14085118 	           0.29743121 	          0.04778457 	           0.32828231 	
          0.03326855 	           0.50401959 	          0.14056300 	           0.96235482 	
          0.01796430 	           0.21299551 	          0.77129014 	           0.62436997 	
          0.18154481 	           0.51295393 	          0.00152424 	           0.32580702 	
          0.37656815 	           0.11861187 	          0.08971131 	           0.01549620 	
          0.53321049 	           0.04885504 	          0.00754395 	           0.05549995 	
          0.14238117 	           0.62513330 	          0.03330687 	           0.07760429 	
          0.00010387 	           0.05670071 	          0.01901485 	           0.07011396 	
          0.07900923 	           0.41622995 	          0.53944734 	           0.46122621 	
          0.81518103 	           0.04336655 	          0.54846831 	           0.32368478 	
          0.45204813 	           0.27800270 	          0.00035616 	           0.39464028 	
          0.09623623 	           0.55560848 	          0.06809466 	           0.87653891 	
          0.03367401 	           0.26714153 	          0.34491821 	           0.41736121 	
          0.05543720 	           0.81628164 	          0.00076377 	           0.02413273 	
          0.09397311 	           0.07355857 	          0.17864154 	           0.02420490 	
          0.09052540 	           0.12919597 	          0.02580097 	           0.69446424 	
          0.03106313 	           0.14691810 	          0.00807235 	           0.03103914 	
          0.06481005 	           0.58152374 	          0.01572267 	           0.11123861 	
          0.80539293 	           0.00515220 	          0.00679164 	           0.34201368 	
          0.86374470 	           0.92294837 	          0.15795309 	           0.10424521 	
          0.09661901 	           0.07221275 	          0.99486315 	           0.21088232 	
          0.92604153 	           0.43508909 	          0.46978532 	           0.17184569 	
          0.56163415 	           0.05666789 	          0.16188240 	           0.30454964 	
          0.63632283 	           0.16059686 	          0.69375533 	           0.20226264 	
          0.95679681 	           0.04088975 	          0.00088660 	           0.58734208 	
          0.23093582 	           0.68930142 	          0.76445006 	           0.94900191 	
          0.63744412 	           0.11655012 	          0.01788543 	           0.27972028 	
          0.15687180 	           0.69330669 	          0.00020732 	           0.50389610 	
          0.73540737 	           0.05694306 	          0.04219508 	           0.15118215 	
          0.98819923 	           0.10989011 	          0.03486426 	           0.47552448 	
          0.36880462 	           0.01473526 	          0.77878357 	           0.44089244 	
          0.19974654 	           0.00424575 	          0.49797336 	           0.69730270 	
          0.47119884 	           0.75124875 	          0.55629796 	           0.00699301 	
          0.15847042 	           0.34488081 	          0.67826138 	           0.35642123 	
          0.12659629 	           0.03682901 	          0.10035259 	           1.00000000 	
          0.78479791 	           0.05127220 	          0.63316709 	           0.00305006 	
          0.94323699 	           0.94372008 	          0.01366848 	           0.07036744 	
          0.19768592 	           0.39573084 	          0.00000158 	           0.29671753 	
          0.71348474 	           0.11287700 	          0.33100150 	           0.12654269 	
          0.12453952 	           0.59186929 	          0.00161141 	           0.18018235 	
          0.01065509 	           0.24471140 	          0.53910995 	           0.46873692 	
          0.92349436 	           0.55635255 	          0.84845282 	           0.17494970 	
          0.72896613 	           0.04850290 	          0.45915361 	           0.32772646 	
          0.52423167 	           0.18872907 	          0.32702945 	           0.42712126 	
          0.88285073 	           0.98504394 	          0.52494591 	           0.05896763 	
          0.02445279 	           0.30599375 	          0.04119532 	           0.82847408 	
          0.39071134 	           0.67310468 	          0.00341834 	           0.20324266 	
          0.04136508 	           0.30992023 	          0.00840146 	           0.30578976 	
          0.32012745 	           0.25953634 	          0.33256497 	           0.06008235 	
          0.10269652 	           0.17926470 	          0.00444111 	           0.28298553 	
          0.11615973 	           0.07254652 	          0.01723040 	           0.21227652 	
          0.66768593 	           0.23351330 	          0.05172808 	           0.18103120 	
          0.16715588 	           0.62457302 	          0.55336385 	           0.69603925 	
          0.24118749 	           0.20499243 	          0.13260932 	           0.09997861 	
          0.13886358 	           0.51261271 	          0.00156049 	           0.47661494 	
          0.21896137 	           0.08249177 	          0.12420152 	           0.10073413 	
          0.86759899 	           1.00000000 	          0.15172267 	           0.00076522 	
          0.13684577 	           0.05659147 	          0.75392068 	           0.17229133 	
          0.14637768 	           0.39849237 	          0.34153404 	           0.07318405 	
          0.38549218 	           0.71333233 	          0.82654041 	           0.00212219 	
          0.07237981 	           0.23159980 	          0.00033845 	           0.85457466 	
          0.07010015 	           0.73275119 	          0.00005578 	           0.24906309 	
          0.00543033 	           0.14589497 	          0.00000018 	           0.35608925 	
          0.33536793 	           0.09316719 	          0.00160921 	           0.89447217 	
          0.33948535 	           0.08829540 	          0.14737990 	           0.04959747 	
          0.10261834 	           0.56064238 	          0.78404074 	           0.71949277 	
          0.16586304 	           0.34255168 	          0.82877497 	           0.34542569 	
          0.16586304 	           0.34255168 	          0.82877497 	           0.34542569 	
          0.95818673 	           0.04073926 	          0.25972945 	           0.63187511 	
          0.37121223 	           0.12333191 	          0.32196302 	           0.71215879 	
          0.35710694 	           0.16129593 	          0.01578263 	           0.00001604 	
          0.22295523 	           0.43510983 	          0.92295640 	           0.20472764 	
          0.85991618 	           0.72415240 	          0.30157094 	           0.31705192 	
          0.20565483 	           0.01265173 	          0.40039361 	           0.26832030 	
          0.59264720 	           0.01298362 	          0.07881041 	           0.35224655 	
          0.02348467 	           0.00555397 	          0.03952982 	           0.61245817 	
          0.67511335 	           0.01125146 	          0.29426130 	           0.31275202 	
          0.03301059 	           0.91460766 	          0.05374957 	           0.04441135 	
          0.20656029 	           0.74683032 	          0.01232153 	           0.06263971 	
          0.00582080 	           0.41815423 	          0.30242561 	           0.37082062 	
          0.04976497 	           0.00253996 	          0.03636052 	           0.49237267 	
          0.01445484 	           0.21835287 	          0.46353695 	           0.35835700 	
          0.17882662 	           0.07850391 	          0.00123768 	           0.00016806 	
          0.02072958 	           0.05021000 	          0.00000001 	           0.21234878 	
          0.14309389 	           0.26354401 	          0.73076866 	           0.80873254 	
          0.24600521 	           0.57310512 	          0.04448722 	           0.43189834 	
          0.15468313 	           0.18226588 	          0.96595747 	           0.00515664 	
          0.21358389 	           0.26364228 	          0.70548993 	           0.05982746 	
          0.95059356 	           0.97014462 	          0.37635932 	           0.03182614 	
          0.49117048 	           0.43430784 	          0.87544847 	           0.88577488 	
          0.07554031 	           0.04007930 	          0.93343724 	           0.34412807 	
          0.45723006 	           0.48059630 	          0.31517570 	           0.40701750 	
          0.54458132 	           0.65025749 	          0.09671246 	           0.16229433 	
          0.01174577 	           0.46140603 	          0.60136243 	           0.56306484 	
          0.75822821 	           0.93340493 	          0.80704276 	           0.33873444 	
          0.07609439 	           0.44456542 	          0.31813005 	           0.04199270 	
          0.02986939 	           0.91787034 	          0.13793866 	           0.04387022 	
          0.78603450 	           0.19005705 	          0.01149539 	           0.07895511 	
          0.21340325 	           0.01383079 	          0.00000086 	           0.05583876 	
          0.06765737 	           0.85773325 	          0.00172363 	           0.29822253 	
          0.00129597 	           0.04152541 	          0.00004615 	           0.83629959 	
          0.01247042 	           0.01579441 	          0.00076984 	           0.39552288 	
          0.47822798 	           0.52262200 	          0.00000726 	           0.07869594 	
          0.01040699 	           0.20816728 	          0.24686338 	           0.13540012 	
          0.01887519 	           0.59774141 	          0.01005539 	           0.33545801 	
          0.90317075 	           0.18017575 	          0.28712297 	           0.10920287 	
          0.11184523 	           0.58615325 	          0.07109510 	           0.57320521 	
          0.30407423 	           0.10470429 	          0.03317441 	           0.02713017 	
          0.87922554 	           0.64692774 	          0.09940988 	           0.00995665 	
          0.07234110 	           0.12785777 	          0.01472760 	           0.42524279 	
          0.01804290 	           0.59393462 	          0.34485095 	           0.08273530 	
          0.00243325 	           0.31726979 	          0.18908968 	           0.00000342 	
          0.01685321 	           0.93619265 	          0.00006195 	           0.00349701 	
          0.18494121 	           0.24313274 	          0.00001376 	           0.02259229 	
          0.38576451 	           0.18010258 	          0.12889049 	           0.00000391 	
          0.29055535 	           0.13091995 	          0.00102332 	           0.00000095 	
          0.30076171 	           0.10899578 	          0.00009894 	           0.03821438 	
          0.28741469 	           0.45288075 	          0.00632139 	           0.00507094 	
          0.12429005 	           0.01837078 	          0.03038014 	           0.00001057 	
          0.06003197 	           0.38986307 	          0.00169656 	           0.00000010 	
          0.89302150 	           0.27311456 	          0.00000209 	           0.00069405 	
          0.24589085 	           0.84826039 	          0.00000019 	           0.00008476 	
          0.90838168 	           0.08043661 	          0.00087051 	           0.00002618 	
          0.09146829 	           0.03984396 	          0.01525788 	           0.00075910 	
          0.03037869 	           0.01555116 	          0.12226842 	           0.00113887 	
          0.35071297 	           0.03498488 	          0.59488537 	           0.00024004 	
          0.00177039 	           0.03051249 	          0.00004571 	           0.38865407 	
          0.03536097 	           0.02975139 	          0.00000000 	           0.00000008 	
          0.17348579 	           0.54023793 	          0.00000089 	           0.00186475 	
          0.20582345 	           0.28978943 	          0.03267835 	           0.00037542 	
          0.46593897 	           0.40762197 	          0.00278854 	           0.00034813 	
          0.72868711 	           0.19564954 	          0.34712334 	           0.00187863 	
          0.54292040 	           0.35150372 	          0.28549057 	           0.00022618 	
          0.26310103 	           0.49065833 	          0.54438353 	           0.05136652 	
          0.59845433 	           0.16781293 	          0.26907655 	           0.10945764 	
          0.01692622 	           0.42417417 	          0.00022395 	           0.04682186 	
          0.68152840 	           0.34964414 	          0.00002461 	           0.00137247 	
          0.22969928 	           0.08618314 	          0.00254086 	           0.03170749 	
          0.00952246 	           0.00410899 	          0.00000101 	           0.44094715 	
          0.00928849 	           0.10360734 	          0.17999677 	           0.01432077 	
          0.89234142 	           0.42502803 	          0.00118939 	           0.00039545 	
          0.47371816 	           0.17324514 	          0.23334944 	           0.19876009 	
          0.04860986 	           0.00982330 	          0.00109003 	           0.05251967 	
          0.88961457 	           0.62617390 	          0.36150547 	           0.33394706 	
          0.03792546 	           0.27071496 	          0.97524151 	           0.09052093 	
          0.03050046 	           0.07627577 	          0.00377006 	           0.08488045 	
          0.01797698 	           0.31423388 	          0.00174751 	           0.00408010 	
          0.45655719 	           0.24234647 	          0.00000377 	           0.00038370 	
          0.87047863 	           0.16419939 	          0.07627165 	           0.10818201 	
          0.14597872 	           0.01352482 	          0.00071129 	           0.13699819 	
          0.01796016 	           0.70768377 	          0.00233256 	           0.01772587 	
          0.66333864 	           0.42268587 	          0.00001589 	           0.04540985 	
          0.07934673 	           0.45597708 	          0.00000044 	           0.00212757 	
          0.28166533 	           0.01414470 	          0.64556349 	           0.00694925 	
          0.00192864 	           0.34700572 	          0.01637471 	           0.42339336 	
          0.01028109 	           0.09645599 	          0.60619680 	           0.18631418 	
          0.01303277 	           0.44751566 	          0.00017078 	           0.01067617 	
          0.66682878 	           0.21107210 	          0.03467842 	           0.06866076 	
          0.12860181 	           0.02526220 	          0.00000054 	           0.00589639 	
          0.06407077 	           0.47946367 	          0.00006384 	           0.00157000 	
          0.12306884 	           0.79097794 	          0.02403770 	           0.66976254 	
          0.05143841 	           0.27250938 	          0.00379457 	           0.56736091 	
          0.06913703 	           0.24277711 	          0.20097638 	           0.49398670 	
          0.00077817 	           0.20069114 	          0.05049895 	           0.43009336 	
          0.69844737 	           0.10848669 	          0.00407865 	           0.14701528 	
          0.31482576 	           0.81411045 	          0.51130083 	           0.33162071 	
          0.79423676 	           0.08795858 	          0.33220147 	           0.01027478 	
          0.01159432 	           0.81121021 	          0.75220867 	           0.28027111 	
          0.94768692 	           0.19752167 	          0.19164393 	           0.01906331 	
          0.32331918 	           0.28196039 	          0.74598118 	           0.95259685 	
          0.32115320 	           0.59334236 	          0.22048790 	           0.49610939 	
          0.11205006 	           0.29710055 	          0.15824000 	           0.01407820 	
          0.35135741 	           0.00925337 	          0.23783315 	           0.21523223 	
          0.03585278 	           0.33685459 	          0.51153382 	           0.83998196 	
          0.24713049 	           0.72329993 	          0.16088150 	           0.28651285 	
          0.60068852 	           0.57226089 	          0.09105574 	           0.94659693 	
          0.01111308 	           0.04171293 	          0.08578848 	           0.62087517 	
          0.74067966 	           0.16677020 	          0.34005970 	           0.21065750 	
          0.82350379 	           0.07510948 	          0.51841779 	           0.00000552 	
          0.11447155 	           0.02402360 	          0.10532397 	           0.00732443 	
          0.00001093 	           0.00016621 	          0.88147715 	           0.00044192 	
          0.05036345 	           0.22760205 	          0.88706928 	           0.33953932 	
          0.37556941 	           0.42096811 	          0.91695606 	           0.36766673 	
          0.53703559 	           0.12651756 	          0.00000010 	           0.21423287 	
          0.23045515 	           0.05000328 	          0.57675308 	           0.15468722 	
          0.01790984 	           0.63495133 	          0.00247350 	           0.03996278 	
          0.57231063 	           0.06085023 	          0.76096657 	           0.02910696 	
          0.05438957 	           0.00822547 	          0.00569707 	           0.11000715 	
          0.16121917 	           0.72144863 	          0.00000000 	           0.02482198 	
          0.49097824 	           0.40656610 	          0.09324849 	           0.48249799 	
          0.37575896 	           0.71335748 	          0.00522914 	           0.20934109 	
          0.08561215 	           0.04038887 	          0.03690414 	           0.06734380 	
          0.62691777 	           0.16253682 	          0.97117181 	           0.00009613 	
          0.20856840 	           1.00000000 	          0.64816400 	           0.18042243 	
          0.04832752 	           0.29700887 	          0.00008591 	           0.39397469 	
          0.86034795 	           0.56146442 	          0.00000010 	           0.21003711 	
          0.45085294 	           0.11377702 	          0.03874248 	           0.04322908 	
          0.53398878 	           0.13726742 	          0.51183781 	           0.18320969 	
          0.52718365 	           0.00542778 	          0.00192197 	           0.04127369 	
          0.03959787 	           0.88700709 	          0.00238352 	           0.42555132 	
          0.28891807 	           0.63728679 	          0.73683450 	           0.58448714 	
          0.00332210 	           0.66643435 	          0.00004281 	           0.00052680 	
          0.09650143 	           0.39071385 	          0.06149075 	           0.00114961 	
          0.04377183 	           0.03459586 	          0.03066855 	           0.06417040 	
          0.00099008 	           0.31780806 	          0.00595151 	           0.86215196 	
          0.03390471 	           0.89884196 	          0.55983145 	           0.34205833 	
          0.01812929 	           0.96098080 	          0.00032425 	           0.00012379 	
          0.00512977 	           0.23863629 	          0.01648157 	           0.01001863 	
          0.18527164 	           0.11122355 	          0.89404764 	           0.48082089 	
          0.16591509 	           0.50752230 	          0.44098649 	           0.40418310 	
          0.18658683 	           0.21711354 	          0.15155610 	           0.20264888 	
          0.01906153 	           1.00000000 	          0.91038176 	           0.80700394 	
          0.35284349 	           0.98926482 	          0.69606797 	           0.02633088 	
          0.00513032 	           0.00341994 	          0.08962166 	           0.03719763 	
          0.08406977 	           0.00328876 	          0.00392477 	           0.04616219 	
          0.00047837 	           0.92118400 	          0.00002356 	           0.44530239 	
          0.00845283 	           0.15963600 	          0.00052350 	           0.40561706 	
          0.19541414 	           0.93577292 	          0.02189459 	           0.27866049 	
          0.03104646 	           0.90392873 	          0.01586925 	           0.55343151 	
          0.50086804 	           0.59859645 	          0.00899559 	           0.21668064 	
          0.90845681 	           0.13868349 	          0.02099191 	           0.24695894 	
          0.13537618 	           0.13233794 	          0.02529443 	           0.36427819 	
          0.19695020 	           0.05072220 	          0.33802005 	           0.51325716 	
          0.03762730 	           0.64674736 	          0.38354048 	           0.09623927 	
          0.18067740 	           0.84541842 	          0.33597867 	           0.05415406 	
          0.45710449 	           0.09133008 	          0.43033011 	           0.13170625 	
          0.04201987 	           0.07291726 	          0.27589381 	           0.01215479 	
          0.84841331 	           0.74634046 	          0.80433631 	           0.23011570 	
          0.02806003 	           0.06502900 	          0.02341388 	           0.19654383 	
          0.76284626 	           0.73661238 	          0.20142867 	           0.82223928 	
          0.19748427 	           0.54724273 	          0.31520756 	           0.17306258 	
          0.69819733 	           0.37602029 	          0.03134215 	           0.50949788 	
          0.04747960 	           0.61029380 	          0.00741711 	           0.18965505 	
          0.11384248 	           0.03339548 	          0.16672472 	           0.09075517 	
          0.12284976 	           0.06959085 	          0.09193050 	           0.20912240 	
          0.09792158 	           0.06448379 	          0.80192787 	           0.12661806 	
          0.33353527 	           0.27202063 	          0.05440889 	           0.03818021 	
          0.53550047 	           0.33116483 	          0.32177403 	           0.68981295 	
          1.00000000 	           0.21157494 	          0.00471379 	           0.23302384 	
          0.03517826 	           0.10270080 	          0.00682939 	           0.59395205 	
          0.24049132 	           0.02168381 	          0.00721626 	           0.33097762 	
          0.03585872 	           0.28461473 	          0.11536813 	           0.03506225 	
          0.00287951 	           0.85029555 	          0.24988116 	           0.00775054 	
          0.04045265 	           1.00000000 	          0.06420462 	           0.00150036 	
          0.19919814 	           0.50863950 	          0.00962973 	           0.92051018 	
          0.12579035 	           0.05783661 	          0.02643681 	           0.01494238 	
          0.14579659 	           0.16002608 	          0.00011161 	           0.49139040 	
          0.16862178 	           0.00372962 	          0.01452257 	           0.82234023 	
          0.03281007 	           0.86403338 	          0.03139529 	           0.43487569 	
          0.17327836 	           0.39114542 	          0.98002842 	           0.54469134 	
          0.16327797 	           0.00713289 	          0.74566532 	           0.40276379 	
          0.84532718 	           0.15890773 	          0.92859171 	           0.50973253 	
          0.23986112 	           0.66310652 	          0.33948462 	           0.54994070 	
          0.59471697 	           0.04671017 	          0.04372712 	           0.36449244 	
          0.01819408 	           0.84998468 	          0.01175280 	           0.00534966 	
          0.54970640 	           0.31656253 	          0.81766359 	           0.17689373 	
          0.26895232 	           0.44344289 	          0.39126899 	           0.18333673 	
          0.00433381 	           0.78747999 	          0.96392883 	           0.08152812 	
          0.51043914 	           1.00000000 	          0.11522311 	           0.23841974 	
          0.22001073 	           0.25639496 	          0.01651448 	           0.49211057 	
          0.61792534 	           0.20889789 	          0.21475494 	           0.29606237 	
          0.56643004 	           0.53219931 	          0.00401389 	           0.63695907 	
          0.50731482 	           0.79431840 	          0.07841702 	           0.00292695 	
          0.39143651 	           0.65007346 	          0.02902229 	           0.10643191 	
          0.25505905 	           0.68479097 	          0.06479150 	           0.12589818 	
          0.09322667 	           0.00825756 	          0.51327972 	           0.33451283 	
          0.31228358 	           0.17350214 	          0.00685339 	           0.26805213 	
          0.01490478 	           0.52784935 	          0.58037304 	           0.22804184 	
          0.88238836 	           0.21339865 	          0.24928581 	           0.09696167 	
          0.29134498 	           0.56937240 	          0.44554531 	           0.29173289 	
          0.07787438 	           0.49298053 	          0.18400741 	           0.00281936 	
          0.48084122 	           0.12697776 	          0.05443750 	           0.06631090 	
          0.34977777 	           0.03866185 	          0.28634660 	           0.02594591 	
          0.33130569 	           0.10346881 	          0.13731151 	           0.11830437 	
          0.57471583 	           0.00066660 	          0.26816114 	           0.10975824 	
          0.11473675 	           0.66718795 	          0.00114808 	           0.41036766 	
          0.60538023 	           0.58446068 	          0.18409043 	           0.20561836 	
          0.09839243 	           0.09234736 	          0.03907006 	           0.52152641 	
          0.52931185 	           0.36741433 	          0.69660323 	           0.50825513 	
          0.01143238 	           0.03076923 	          0.04490012 	           0.58414691 	
          0.00159320 	           0.01302166 	          0.05476783 	           0.61463937 	
          0.94960520 	                  NaN 	          0.04164672 	                  NaN 	
          0.83072090 	           0.63777090 	          0.07933500 	           0.00068332 	
          0.03292880 	           0.64541341 	          0.05025946 	           0.04589837 	
          0.17117646 	           0.08618422 	          0.00342444 	           0.44615385 	
          0.87269039 	           0.27552448 	          0.00383444 	           0.00116643 	
          0.14211494 	           0.80326224 	          0.81693648 	           0.05882353 	
          0.23350016 	           0.58255904 	          0.04967495 	           0.01989122 	
          0.82173834 	           0.15260872 	          0.16792060 	           0.05874126 	
          0.39064258 	           0.71101199 	          0.08169613 	           0.30053546 	
          0.10908488 	           0.19500858 	          0.00005404 	           0.00039996 	
          0.12702726 	           0.44848491 	          0.00015354 	           0.09551685 	
          0.04184873 	           0.97956410 	          0.29514374 	           0.20893607 	
          0.90612615 	           0.21791448 	          0.00115225 	           0.01981429 	
          0.97107792 	           0.54454074 	          0.27068504 	           0.00659260 	
          0.02454737 	           0.27665774 	          0.56990455 	           0.00361506 	
          0.00182340 	           0.13961479 	          0.91272048 	           0.75322907 	
          0.00436631 	           0.29081503 	          0.12528665 	           0.00048250 	
          0.89179075 	           0.48554132 	          0.00210142 	           0.00012765 	
          0.12382806 	           0.24089351 	          0.17054821 	           0.04045093 	
          0.90768785 	           0.16228658 	          0.00089015 	           0.00163164 	
          0.61559975 	           0.05890072 	          0.90793221 	           0.12544825 	
          0.00402510 	           0.01050088 	          0.00007188 	           0.59169702 	
          0.73433985 	           0.20529448 	          0.04615238 	           0.00036200 	
          0.58639071 	           0.94002082 	          0.52491978 	           0.23596410 	
          0.42482528 	           0.11182080 	          0.00038459 	           0.24712392 	
          0.13494702 	           0.71598282 	          0.28595861 	           0.39407826 	
          0.26683558 	           0.32378646 	          0.63407817 	           0.20575885 	
          0.00308181 	           0.42485376 	          0.00114795 	           0.00066349 	
          0.03811199 	           0.06553938 	          0.62961138 	           0.05727895 	
          0.07710183 	           0.29699030 	          0.43600620 	           0.00620182 	
          0.42649667 	           0.01694593 	          0.42263761 	           0.04293287 	
          0.18065327 	           0.37226164 	          0.71401772 	           0.35095346 	
          0.10345992 	           1.00000000 	          0.10056220 	           0.00053629 	
          0.14517635 	           0.95592285 	          0.89983684 	           0.03900217 	
          0.53964641 	           0.30415001 	          0.52463887 	           0.03928916 	
          0.24967142 	           0.93445781 	          0.03465421 	           0.08479919 	
          0.10116047 	           0.25348226 	          0.28204047 	           0.02820625 	
          0.24101416 	           0.34571899 	          0.70817229 	           0.09277258 	
          0.04498596 	           0.43035444 	          0.37844574 	           0.79002695 	
          0.00241195 	           0.27351282 	          0.41851113 	           0.09283786 	
          0.78607150 	           0.89815970 	          0.27186108 	           0.00121440 	
          0.32363051 	           1.00000000 	          0.21594307 	           0.72383654 	
          0.00360417 	           0.01592091 	          0.00883505 	           0.00566703 	
          0.00368838 	           0.82061703 	          0.75630312 	           0.56613818 	
          0.02740458 	           0.91897631 	          0.50426029 	           0.19339804 	
          0.17555548 	           0.12463632 	          0.00767650 	           0.01532876 	
          0.16273797 	           0.67899233 	          0.10630168 	           0.05079821 	
          0.07195184 	           0.68482341 	          0.14798353 	           0.17052553 	
          0.00011987 	           0.10510596 	          0.58935124 	           0.54593087 	
          0.88446893 	           0.42053665 	          0.01157628 	           0.07727229 	
          0.97787980 	           0.20998735 	          0.57730468 	           0.17063183 	
          0.00000209 	           0.37267247 	          0.00070801 	           0.10973191 	
          0.26062434 	           0.18335758 	          0.00000864 	           0.13054778 	
          0.38054931 	           0.62947174 	          0.04572425 	           0.04948987 	
          0.07959176 	           0.24455959 	          0.84367036 	           0.30745027 	
          0.05332158 	           0.16580774 	          0.08432891 	           0.69676266 	
          0.03238741 	           0.98780903 	          0.08022376 	           0.37736139 	
          0.55409368 	           0.26704479 	          0.00096487 	           0.30356573 	
          0.01515740 	           0.03134138 	          0.00495963 	           0.14460415 	
          0.61528912 	           0.77396002 	          0.00003069 	           0.23419556 	
          0.17607377 	           0.33990670 	          0.13423814 	           0.11301087 	
          0.51364346 	           0.19967046 	          0.16112697 	           0.34273718 	
          0.08332995 	           0.02753548 	          0.36849031 	           0.61405265 	
          0.07885346 	           0.26798260 	          0.06283211 	           0.02099081 	
          0.49542587 	           0.00580125 	          0.06175278 	           0.87082602 	
          0.89290800 	           0.96433074 	          0.00745106 	           0.03680400 	
          0.92108122 	           0.64890199 	          0.04956372 	           0.13765212 	
          0.38472500 	           0.23675079 	          0.03596202 	           0.01008910 	
          0.67863016 	           0.04413932 	          0.17908146 	           0.03871472 	
          0.14091662 	           0.93332721 	          0.03255231 	           0.00018914 	
          0.00990842 	           0.04737027 	          0.32636993 	           0.04110430 	
          0.28374858 	           0.41878973 	          0.09470367 	           0.01315438 	
          0.09796771 	           0.61212329 	          0.01119054 	           0.04059242 	
          0.97156000 	           0.80511346 	          0.19041438 	           0.02436636 	
          0.39003058 	           0.86554302 	          0.02616256 	           0.03333257 	
          0.04219546 	           0.21599901 	          0.45156475 	           0.43809380 	
          0.54064124 	           0.76968708 	          0.00460735 	           0.24627556 	
          0.89608497 	           0.21682337 	          0.56837466 	           0.77795701 	
          0.44298800 	           0.43638232 	          0.80301558 	           0.28157727 	
          0.00480246 	           0.47946637 	          0.88817413 	           0.40032937 	
          0.20950327 	           0.98667109 	          0.06579452 	           0.50128395 	
          0.14092845 	           0.44804658 	          0.32542132 	           0.13447176 	
          0.54978421 	           0.68202869 	          0.61335376 	           0.16731631 	
          0.50326723 	           0.12369650 	          0.28457197 	           0.58135066 	
          0.33768574 	           0.00555783 	          0.00019419 	           0.38419059 	
          0.83470475 	           0.01614014 	          0.01466176 	           0.18516201 	
          0.73096759 	           0.48178965 	          0.40155546 	           0.02683831 	
          0.23790397 	           0.40231815 	          0.28958660 	           0.64379707 	
          0.04723813 	           0.46312321 	          0.23660654 	           0.00067815 	
          0.10603110 	           0.55228864 	          0.37667662 	           0.00134581 	
          0.05062994 	           0.08801632 	          0.17533351 	           0.04821048 	
          0.02489834 	           0.04979892 	          0.23603276 	           0.34929361 	
          0.85946291 	           0.32539383 	          0.00282643 	           0.58140972 	
          0.70732160 	           0.14236635 	          0.28961969 	           0.83112083 	
          0.08822536 	           0.07348274 	          0.99028630 	           0.60516932 	
          0.01260699 	           0.31947849 	          0.24650128 	           0.57158259 	
          0.05428427 	           0.30646916 	          0.01536683 	           0.05643929 	
          0.03414572 	           0.97558284 	          0.08990106 	           0.61058304 	
          0.10853806 	           0.00344944 	          0.83446361 	           0.06017491 	
          0.47243338 	           0.09593590 	          0.75616619 	           0.05456386 	
          0.44014385 	           0.86675215 	          0.16367690 	           0.03514307 	
          0.15048439 	           0.88132801 	          0.13385170 	           0.93116583 	
          0.32033693 	           0.68262209 	          0.04582618 	           0.41180522 	
          0.00934765 	           0.07418359 	          0.04410974 	           0.00017569 	
          0.39993608 	           0.20516849 	          0.06283908 	           0.04950834 	
          0.47366375 	           0.18787016 	          0.01348447 	           0.13091874 	
          0.33532440 	           0.29800615 	          0.03446077 	           0.15364560 	
          0.60730720 	           0.90189402 	          0.02330544 	           0.19496120 	
          1.00000000 	           0.51904627 	          0.16542482 	           0.01405764 	
          0.14343683 	           0.97562383 	          0.11732465 	           0.02843319 	
          0.01314367 	           1.00000000 	          0.05703608 	           0.56244545 	
          0.03516866 	           0.17143472 	          0.00111915 	           0.71615133 	
          0.29890980 	           0.07380030 	          0.00113723 	           0.04170866 	
          0.89810800 	           0.09614562 	          0.22411618 	           0.01117890 	
          0.49278857 	           0.28911207 	          0.06970521 	           0.19516639 	
          0.29542180 	           0.37247247 	          0.33642708 	           0.65170627 	
          0.84192770 	           0.28060721 	          0.34040683 	           0.96814375 	
          0.06937673 	           0.81089183 	          0.13131969 	           0.95196641 	
          0.15751653 	           0.79481039 	          0.07421320 	           0.26278929 	
          0.41106319 	           0.17045105 	          0.99198770 	           0.23321636 	
          0.63592312 	           0.44944097 	          0.55968829 	           0.29664060 	
          0.44230267 	           0.28213580 	          0.58415998 	           0.78179542 	
          0.39710342 	           0.98571222 	          0.14364549 	           0.04835496 	
          0.53446265 	           0.29003104 	          0.35001866 	           0.46566770 	
          0.22130590 	           0.03672382 	          0.27039241 	           0.29220380 	
          0.75354167 	           0.14328173 	          0.06484871 	           0.27861792 	
          0.01134118 	           0.67116624 	          0.00082152 	           0.00528147 	
          0.86861315 	           0.03128597 	          0.06095537 	           0.00227539 	
          0.66256782 	           0.95804935 	          0.00874104 	           0.04150262 	
          0.12729019 	           0.58567418 	          0.10561189 	           0.00618898 	
          0.32760715 	           0.44160326 	          0.00408024 	           0.33815908 	
          0.89943713 	           0.15427029 	          0.61281858 	           0.00025642 	
          0.40950347 	           0.00998742 	          0.63586322 	           0.07970851 	
          0.21982559 	           0.03032711 	          0.34940303 	           0.05805694 	
          0.27572163 	           0.61251366 	          0.11025305 	           0.03808156 	
          0.91172077 	           0.65760071 	          0.96288103 	           0.33870204 	
          0.16937413 	           0.13896454 	          0.18440919 	           0.14106547 	
          0.92710930 	           0.23100360 	          0.22047636 	           0.05802713 	
          0.40631591 	           0.20192337 	          0.16255097 	           0.15448655 	
          0.90976844 	           0.93018551 	          0.00098349 	           0.45494012 	
          0.58057115 	           0.02054594 	          0.60144779 	           0.45243285 	
          0.03122087 	           0.74129095 	          0.11866801 	           0.48255470 	
          0.58405004 	           0.68800915 	          0.00009237 	           0.33089855 	
          0.09905429 	           0.81025819 	          0.00184836 	           0.01839032 	
          0.34428406 	           0.19395087 	          0.00838058 	           0.04477777 	
          0.39805782 	           0.22120791 	          0.04724091 	           0.06857566 	
          0.07295699 	           0.94696797 	          0.00095398 	           0.01971599 	
          0.91921496 	           0.73928302 	          0.00314491 	           0.31046716 	
          0.65805177 	           0.74043223 	          0.91475691 	           0.18782881 	
          0.67977653 	           0.20465899 	          0.02439042 	           0.00057484 	
          0.04752686 	           0.14101515 	          0.39037590 	           0.06542269 	
          0.30012311 	           0.04607107 	          0.03661378 	           0.05378735 	
          0.08926269 	           0.05133448 	          0.00710402 	           0.00991819 	
          0.40470235 	           0.04220582 	          0.00781137 	           0.02005769 	
          0.30067944 	           0.14514106 	          0.71601423 	           0.51118183 	
          0.17404551 	           0.80332933 	          0.63247553 	           0.05882795 	
          0.77104195 	           0.03197128 	          0.02179112 	           0.25982926 	
          0.00515062 	           0.28754554 	          0.53350418 	           0.73257143 	
          0.72564544 	           0.68349755 	          0.12105143 	           0.18817542 	
          0.42321227 	           0.31353630 	          0.94169408 	           0.01720057 	
          0.52996338 	           0.50006380 	          0.16218936 	           0.01303017 	
          0.06907004 	           0.15210467 	          0.97564926 	           0.58073744 	
          0.37566637 	           0.01059803 	          0.00201361 	           0.70306063 	
          0.15946688 	           0.86274205 	          0.39684357 	           0.67449985 	
          0.00621579 	           0.11410143 	          0.05441078 	           0.71682584 	
          0.28890624 	           0.05032852 	          0.40387393 	           0.00360458 	
          0.13205162 	           0.15881618 	          0.00119264 	           0.00043144 	
          0.91838128 	           0.56028958 	          0.06838553 	           0.46220382 	
          0.27798816 	           0.59364487 	          0.00014229 	           0.56636278 	
          0.88409750 	           0.19306349 	          0.14630954 	           0.02169762 	
          0.97972612 	           0.18822721 	          0.00018643 	           0.00640197 	
          0.09741427 	           0.83247487 	          0.00000002 	           0.00026383 	
          0.14124479 	           0.39341990 	          0.00111883 	           0.57435368 	
          0.85292811 	           0.41479004 	          0.82501354 	           0.39629272 	
          0.18789215 	           0.24198653 	          0.57711078 	           0.07594431 	
          0.00389444 	           0.15016577 	          0.94320187 	           0.13031875 	
          0.67282323 	           0.08552155 	          0.06450947 	           0.33809914 	
          0.81893008 	           0.94453082 	          0.48908834 	           0.25306652 	
          0.69781984 	           0.37843576 	          0.00304892 	           0.10884071 	
          0.00552301 	           0.85952870 	          0.22778777 	           0.00104865 	
          0.24089196 	           0.62123749 	          0.00135072 	           0.00791184 	
          0.43908612 	           0.20000529 	          0.02994149 	           0.01164758 	
          0.18680077 	           0.16793660 	          0.03837656 	           0.00086716 	
          1.00000000 	           0.81748816 	          0.04050301 	           0.28940547 	
          0.55490164 	           0.56244396 	          0.01011450 	           0.01330354 	
          0.15405099 	           0.05746408 	          0.00462104 	           0.05972065 	
          0.35950456 	           0.15243041 	          0.00060830 	           0.01720604 	
          0.32911399 	           0.33292161 	          0.03146098 	           0.06161573 	
          0.77571825 	           0.41539255 	          0.03531386 	           0.08395028 	
          0.20688065 	           0.36584659 	          0.02184017 	           0.00030368 	
          0.39144016 	           0.06355806 	          0.61029131 	           0.56059082 	
          0.19082991 	           0.48050058 	          0.00001132 	           0.00122358 	
          0.65421940 	           0.27588128 	          0.38412346 	           0.14615609 	
          0.18511001 	           0.61259520 	          0.00051494 	           0.00006520 	
          0.41958494 	           0.08540237 	          0.00206703 	           0.00019709 	
          0.06577375 	           0.16362095 	          1.00000000 	           0.17363524 	
          0.32971930 	           0.28982197 	          0.22224007 	           0.11995008 	
          0.03576488 	           0.58525571 	          0.88783950 	           0.35286230 	
          0.73625629 	           0.38519449 	          0.40077013 	           0.58111986 	
          0.30940911 	           0.06240772 	          0.03639753 	           0.09163465 	
          0.41118808 	           0.70297391 	          0.04685264 	           0.00114629 	
          0.09011725 	           0.22006087 	          0.00677570 	           0.00285212 	
          0.00011366 	           0.04124641 	          0.19153760 	           0.01194977 	
          0.52378927 	           0.74440355 	          0.05309358 	           0.04943534 	
          0.14300425 	           0.44922569 	          0.84397523 	           0.02801159 	
          0.46736498 	           0.73431777 	          0.93403362 	           0.16762243 	
          0.13503571 	           0.25864938 	          0.01510175 	           0.02206622 	
          0.46641789 	           0.38568370 	          0.40529503 	           0.00305898 	
          0.06649741 	           0.80311003 	          0.96474870 	           0.03341276 	
          0.30770965 	           0.28900246 	          0.62716393 	           0.20759643 	
          0.79838512 	           0.16562277 	          0.28501267 	           0.18605109 	
          0.22217278 	           0.47911539 	          0.15496077 	           0.12166019 	
          0.92317796 	           0.19376433 	          0.70769081 	           0.04876511 	
          0.02348279 	           0.61089214 	          0.04501431 	           0.02208474 	
          0.90166698 	           0.73684347 	          0.14000088 	           0.04216928 	
          0.23266188 	           0.10234378 	          0.55930367 	           0.00124616 	
          0.39945252 	           0.52907239 	          0.25760596 	           0.85353544 	
          0.44869010 	           0.68704073 	          0.04684788 	           0.02155281 	
          0.09647878 	           0.41707924 	          0.74756440 	           0.11253125 	
          0.34236374 	           0.38040569 	          0.88273863 	           0.02387090 	
          0.58829031 	           0.50429698 	          0.80149002 	           0.82419105 	
          0.04475921 	           0.25679947 	          0.88474114 	           0.52781644 	
          0.17137365 	           0.03783565 	          0.32531524 	           0.15181566 	
          0.21921993 	           0.46251026 	          0.70337356 	           0.04768353 	
          0.03360727 	           0.72704739 	          0.30701756 	           0.75357464 	
          0.87889317 	           0.78153319 	          0.64831958 	           0.00050311 	
          0.17762098 	           0.32078428 	          0.21194441 	           0.08377946 	
          0.73356239 	           0.50336290 	          0.60834990 	           0.27612678 	
          0.24517314 	           0.04737251 	          0.15658506 	           0.77244437 	
          0.06454487 	           0.77180316 	          0.95671407 	           0.10194628 	
          0.04755937 	           0.29214030 	          0.81662827 	           0.02564654 	
          0.71656437 	           0.16926940 	          0.03086111 	           0.09843474 	
          0.17568632 	           0.53924608 	          1.00000000 	           0.00116315 	
          0.53153522 	           0.32673072 	          0.10924103 	           0.19119972 	
          0.40535226 	           0.08712533 	          0.29721691 	           0.27994078 	
          0.34537170 	           0.20706175 	          0.80505828 	           0.03052184 	
          0.25369904 	           0.62987016 	          0.99139010 	           0.57291173 	
          0.44788873 	           0.41717455 	          0.38493231 	           0.97928005 	
          0.03331447 	           0.52657103 	          0.94933377 	           0.86982232 	
          0.27123012 	           0.02322772 	          0.03350087 	           0.42396527 	
          0.05579025 	           0.33793468 	          0.00007220 	           0.45338522 	
          0.88774161 	           0.28820898 	          0.84569861 	           0.45369708 	
          0.26842892 	           0.31493682 	          0.18739238 	           0.02757949 	
          0.03182385 	           0.72915356 	          0.03831752 	           0.00384811 	
          0.09668056 	           0.13189709 	          0.24707373 	           0.02507791 	
          0.41828642 	           0.58337999 	          0.90486991 	           0.09725171 	
          0.73766995 	           0.47718224 	          0.47682483 	           0.05249001 	
          0.15173367 	           0.90602658 	          0.69975405 	           0.35198674 	
          0.87749844 	           0.43924977 	          0.03491122 	           0.06410487 	
          0.34388254 	           0.45027289 	          0.04857344 	           0.02117381 	
          0.53626356 	           0.56718586 	          0.61115405 	           0.01656631 	
          0.76948463 	           0.10243025 	          0.17606381 	           0.24095642 	
          0.18311862 	           0.17268766 	          0.99261412 	           0.47998745 	
          0.04414439 	           0.16437778 	          0.01310724 	           0.00024821 	
          0.04307220 	           0.65775526 	          0.51782157 	           0.15465918 	
          0.82272636 	           0.09376685 	          0.23398553 	           0.47338515 	
          0.88462369 	           1.00000000 	          0.14648766 	           0.07545859 	
          0.98817173 	           0.50094783 	          0.01580920 	           0.08539686 	
          0.42217340 	           0.04231594 	          0.02925477 	           0.08637060 	
          0.10074427 	           0.19379380 	          0.05549850 	           0.52953024 	
          0.09213293 	           0.36770582 	          0.97226224 	           0.28881990 	
          0.51822643 	           0.22103832 	          0.11080365 	           0.68214562 	
          0.71869953 	           0.39440101 	          0.06749089 	           0.23101232 	
          0.33858459 	           0.27464673 	          0.40335889 	           0.30784102 	
          0.51529256 	           0.68831788 	          0.08097293 	           0.62061795 	
          0.60008012 	           0.20684766 	          1.00000000 	           0.49028767 	
          0.38816815 	           0.54660206 	          0.60736169 	           0.32199217 	
          0.35260831 	           0.64542779 	          0.00003444 	           0.04475514 	
          0.00086247 	           0.71301506 	          0.76317947 	           0.29666651 	
          0.16010815 	           0.44839287 	          0.06742108 	           0.00952681 	
          0.34456462 	           0.33733030 	          0.47829871 	           0.19582502 	
          0.30600298 	           0.26062186 	          0.92358698 	           0.42692069 	
          0.00322281 	           0.67758709 	          0.52779145 	           0.44301583 	
          0.32435640 	           0.05576352 	          0.16105571 	           0.13763755 	
          0.12853889 	           0.88195012 	          0.10697197 	           0.00382733 	
          0.47646496 	           0.33698699 	          0.97736298 	           0.40248049 	
          0.65865905 	           0.68882638 	          0.61153458 	           0.12569700 	
          0.09456401 	           0.48213366 	          0.46254936 	           0.00071536 	
          0.00872381 	           0.77037689 	          0.07442701 	           0.00203278 	
          0.04049685 	           0.24511557 	          0.01109790 	           0.67267708 	
          0.35143138 	           0.51818303 	          0.18422469 	           0.02297404 	
          0.43975379 	           0.29089632 	          0.21229792 	           0.96264928 	
          0.81636076 	           0.74301227 	          0.09179013 	           0.38314645 	
          0.24509434 	           0.90542908 	          0.34208143 	           0.02642550 	
          0.04410667 	           0.73350781 	          0.03926659 	           0.11977026 	
          1.00000000 	           0.57232012 	          0.01041871 	           0.13086500 	
          0.29934316 	           0.28754370 	          0.52629147 	           0.00000313 	
          0.72030778 	           0.15714507 	          0.00010652 	           0.00000153 	
          0.45298218 	           0.70463397 	          0.03156527 	           0.02044941 	
          0.10905602 	           0.56327355 	          0.00019198 	           0.00124851 	
          0.01961602 	           0.07402835 	          0.44348159 	           0.28255040 	
          0.48748029 	           0.53891273 	          0.15527085 	           0.06492104 	
          0.37572311 	           0.15848590 	          0.16792888 	           0.38043837 	
          0.82788126 	           0.18892342 	          0.69674076 	           0.37327732 	
          0.19264716 	           0.22354848 	          0.06112268 	           0.93859293 	
          0.19471807 	           0.14485274 	          0.13232353 	           0.11970485 	
          0.52646026 	           0.68983018 	          0.08887141 	           0.68975538 	
          0.50014921 	           0.34177368 	          0.26233260 	           0.92606285 	
          0.77364005 	           0.48295264 	          0.67837543 	           0.57954550 	
          0.29286956 	           0.36037061 	          0.01421437 	           0.16728266 	
          0.57859697 	           0.28471832 	          0.00313694 	           0.16434399 	
          0.36905543 	           0.01911582 	          0.02971360 	           0.22440714 	
          0.02090470 	           0.37005987 	          0.07902646 	           0.05500883 	
          0.27093009 	           0.71433442 	          0.47695898 	           0.68603602 	
          0.96417328 	           0.11584769 	          0.07633280 	           0.38413907 	
          0.24678776 	           0.79559377 	          0.10407278 	           0.16228098 	
          0.97120398 	           0.79951118 	          0.11784816 	           0.06653507 	
          0.61906657 	           0.61224618 	          0.17792661 	           0.46274688 	
          0.25528530 	           0.11339560 	          0.04363036 	           0.03255815 	
          0.45064736 	           0.23590702 	          0.01093518 	           0.19279824 	
          0.00406428 	           0.33398676 	          0.00002500 	           0.00001522 	
          0.01829151 	           0.84302951 	          0.00237088 	           0.00278011 	
          0.08059310 	           0.58291092 	          0.36238113 	           0.00392665 	
          0.00670090 	           0.10569639 	          0.00193954 	           0.02834324 	
          0.05247948 	           0.78749238 	          0.25542436 	           0.03838498 	
          0.01561015 	           0.42481599 	          0.19281249 	           0.01269192 	
          0.00832611 	           0.09915925 	          0.01880575 	           0.52185417 	
          0.97914025 	           0.01691511 	          0.04105237 	           0.08488086 	
          0.04727119 	           0.06471980 	          0.41124826 	           0.79063771 	
          0.37871938 	           0.23245053 	          0.20337059 	           0.71676916 	
          0.08940441 	           0.23274287 	          0.00005525 	           0.44991967 	
          0.04882877 	           0.32043408 	          0.00003743 	           0.00013257 	
          0.37711649 	           0.37880617 	          0.84261569 	           0.56855410 	
          0.32118934 	           0.11362321 	          0.10313309 	           0.47605613 	
          0.06158479 	           0.05977418 	          0.02963463 	           0.01146790 	
          0.12006077 	           0.84860074 	          0.06057089 	           0.01505109 	
          0.79346265 	           0.17391577 	          0.00139216 	           0.02956367 	
          0.92743041 	           0.43043535 	          0.01008143 	           0.08435404 	
          0.26798149 	           0.03631181 	          0.01965332 	           0.09903047 	
          0.23151415 	           0.22372182 	          0.00000093 	           0.87428030 	
          0.03001351 	           0.13771777 	          0.03405265 	           0.85010674 	
          0.04241756 	           0.54073427 	          0.00086348 	           0.06318681 	
          0.26989130 	           0.47402821 	          0.00184645 	           0.01144689 	
          0.49874064 	           0.38921966 	          0.88630133 	           0.27972028 	
          0.17789298 	           0.44865180 	          0.62841889 	           1.00000000 	
          0.44770215 	           0.53805276 	          0.00032027 	           0.42542002 	
          0.54757762 	           0.16400852 	          0.12032267 	           0.04332228 	
          0.00289832 	           0.53083837 	          0.11248896 	           0.00104281 	
          0.31121773 	           0.78059157 	          0.29669575 	           0.94611943 	
          0.48643717 	           0.81261735 	          0.03749590 	           0.01273119 	
          0.77325533 	           0.20737876 	          0.52736718 	           0.00001840 	
          0.16870427 	           0.78004557 	          0.00975837 	           0.92426415 	
          0.11682447 	           0.98715952 	          0.04605748 	           0.06269441 	
          0.14060276 	           0.11353550 	          0.11898248 	           0.03462136 	
          0.02554782 	           0.19922315 	          0.27705151 	           0.18827073 	
          0.37261721 	           0.22270881 	          0.96300530 	           0.00117684 	
          0.12444710 	           0.33628594 	          0.51617849 	           0.02398863 	
          0.59990851 	           0.46153846 	          0.08289257 	           0.84862197 	
          0.25324882 	           0.44848485 	          0.56150557 	           0.15014397 	
          0.88042961 	           0.31170766 	          0.06609399 	           0.00245220 	
          0.43843244 	           0.48699851 	          0.52877253 	           0.00674790 	
          0.76380681 	           1.00000000 	          0.21397543 	           0.00011005 	
          0.07493065 	           0.50091041 	          0.34578502 	           0.00019521 	
          0.19426730 	           0.01847207 	          0.29329302 	           0.00463117 	
          0.08297537 	           0.24649458 	          0.23788058 	           0.57742983 	
          0.95279662 	           0.07058366 	          0.59713390 	           0.04523749 	
          0.14095020 	           0.03049401 	          0.34426186 	           0.35937459 	
          0.44743792 	           0.39970693 	          0.11013669 	           0.68710644 	
          0.04102446 	           0.23186269 	          0.69775938 	           0.86949810 	
          0.05552133 	           0.51785714 	          0.10276756 	           0.03113553 	
          0.84167921 	           0.12324930 	          0.70732876 	           0.13973673 	
          0.06771784 	           0.14747018 	          0.00001056 	           0.00137363 	
          0.02489893 	           0.55331139 	          0.10053259 	           0.70814480 	
          0.07098997 	           0.53318250 	          0.00000159 	           0.13053613 	
          0.15057524 	           1.00000000 	                 NaN 	           1.00000000 	
          0.11009577 	           0.69413919 	          0.03691334 	           0.89967092 	
          0.78503974 	           0.03360854 	          0.42798861 	           0.71920514 	
          0.66928489 	           0.11079468 	          0.08285001 	           0.74792607 	
          0.07236608 	           0.18535812 	          0.00046147 	           0.01068470 	
          0.59034825 	           0.04294404 	          0.07312450 	           0.02021789 	
          0.30556701 	           0.16052632 	          0.73988765 	           0.30157086 	
          0.05747564 	           0.71624335 	          0.56507899 	           0.56596301 	
          0.15599224 	           0.47591496 	          0.79273188 	           0.20274299 	
          0.49695320 	           0.20077658 	          0.27099215 	           0.34828707 	
          0.53542194 	           0.38339943 	          0.58459446 	           0.58126966 	
          0.00397681 	           0.29998410 	          0.09565329 	           0.70856363 	
          0.12382916 	           0.01612130 	          0.69241356 	           0.88911753 	
          0.21072647 	           0.24013842 	          0.00492992 	           0.30978580 	
          0.87787357 	           0.76270909 	          0.10855162 	           0.15592120 	
          0.28810177 	           0.14808478 	          0.02456132 	           0.00298591 	
          0.23563057 	           0.33576401 	          0.00421536 	           0.04379345 	
          0.17445116 	           0.45735630 	          0.00011418 	           0.02426241 	
          0.28052322 	           0.86058426 	          0.82658914 	           0.33925946 	
          0.15803472 	           0.96175987 	          0.18076071 	           0.01840706 	
          0.40031882 	           0.19211832 	          0.49630381 	           0.01242387 	
          0.39358845 	           0.25803036 	          0.46115856 	           0.32568123 	
          0.26128996 	           0.05799015 	          0.01531425 	           0.02274036 	
          0.11428942 	           0.03376220 	          0.01083973 	           0.40820048 	
          0.97776964 	           0.77012816 	          0.03011447 	           0.00154957 	
          0.30546391 	           0.33629336 	          0.17070122 	           0.00336232 	
          0.75967893 	           0.51863949 	          0.37497053 	           0.08570724 	
          0.17073570 	           0.05848446 	          0.00350154 	           0.03440121 	
          0.00036415 	           0.31878090 	          0.33331223 	           0.14705701 	
          0.02048885 	           0.15876549 	          0.00136571 	           0.01870784 	
          0.75704840 	           0.10796311 	          0.00038564 	           0.70830062 	
          0.55676835 	           0.10011487 	          0.69956969 	           0.47304247 	
          0.64098945 	           0.78840359 	          0.03536194 	           0.00035056 	
          0.89980675 	           0.54400561 	          0.05631701 	           0.05685328 	
          0.54822072 	           0.17717244 	          0.00053371 	           0.00037994 	
          0.50561808 	           0.66152783 	          0.28175876 	           0.36630650 	
          0.05906859 	           0.73381133 	          0.91298642 	           0.16886105 	
          0.21015261 	           0.14263378 	          0.58945085 	           0.77449193 	
          0.83383957 	           0.07473084 	          0.68797069 	           0.49266103 	
          0.69431080 	           0.09969905 	          0.01539008 	           0.02450780 	
          0.98233610 	           0.65796861 	          0.12096202 	           0.04890374 	
          0.56109635 	           0.37797440 	          0.06335765 	           0.70047424 	
          0.09331819 	           0.51671647 	          0.03460988 	           0.18993702 	
          0.92383311 	           0.21050924 	          0.03022691 	           0.08766697 	
          0.26141556 	           0.25042173 	          0.93668485 	           0.26766532 	
          0.92562214 	           0.46507686 	          0.00005580 	           0.01094759 	
          0.00417873 	           0.06812459 	          0.24567505 	           0.93907117 	
          0.27954617 	           0.30124104 	          0.04263434 	           0.42643026 	
          0.02612655 	           0.35874537 	          0.39594034 	           0.27973202 	
          0.95469746 	           0.39920435 	          0.00058884 	           0.00753723 	
          0.05212409 	           0.22873609 	          0.00011543 	           0.00652067 	
          0.03529695 	           0.75884438 	          0.04647834 	           0.34531910 	
          0.05440373 	           0.37637024 	          0.56886969 	           0.83024551 	
          0.05132617 	           0.61540618 	          0.16935136 	           0.06382567 	
          0.13813592 	           0.71992892 	          0.45982232 	           0.87419498 	
          0.77628103 	           0.49176305 	          0.01017266 	           0.08405219 	
          0.71408172 	           0.37303719 	          0.03671129 	           0.19379188 	
          0.50825212 	           0.94231630 	          0.20102466 	           0.54972506 	
          0.39030624 	           0.23986361 	          0.06546450 	           0.08790412 	
          0.35086020 	           0.89766470 	          0.86787635 	           0.62955015 	
          0.96719723 	           0.33459293 	          0.13083448 	           0.46576990 	
          0.16510342 	           0.08118964 	          0.23605829 	           0.01912039 	
          0.79859877 	           0.80049778 	          0.43807743 	           0.23184580 	
          0.03447297 	           0.24855187 	          0.00062689 	           0.97727492 	
          0.69551024 	           0.80538499 	          0.00038436 	           0.44058802 	
          0.15175635 	           0.84758979 	          0.00000833 	           0.09514058 	
          0.05493786 	           0.57634075 	          0.05404133 	           0.09111124 	
          0.62042385 	           0.53996044 	          0.03647859 	           0.57131769 	
          0.49499366 	           0.16000884 	          0.75058741 	           0.21569717 	
          0.19759900 	           0.03446032 	          0.13930835 	           0.00177152 	
                 NaN 	           1.00000000 	          0.15364621 	           0.14823686 	
          0.27447397 	           0.09899976 	          0.23029751 	           0.07823697 	
          0.04859866 	           0.06514206 	          0.16132621 	           0.01443807 	
          0.45139310 	           0.97815984 	          0.08159782 	           0.14255531 	
          0.83679569 	           0.69564487 	          0.01487558 	           0.12941977 	
          0.45207148 	           0.64073272 	          0.58058983 	           0.64095220 	
          0.06991920 	           0.44420224 	          0.73823488 	           0.33348712 	
          0.47960471 	           0.04450621 	          0.67421724 	           0.19557991 	
          0.00691068 	           0.00301841 	          0.00385832 	           0.00105019 	
          0.72321561 	           0.21858377 	          0.02491949 	           0.04909501 	
          0.30108467 	           0.66209763 	          0.19630696 	           0.00039199 	
          0.62304656 	           0.35342542 	          0.20407404 	           0.95607275 	
          0.02346023 	           0.07887781 	          0.01257217 	           0.00014416 	
          0.18772557 	           0.59018513 	          0.15345044 	           0.07507512 	
          0.21219366 	           0.05063780 	          0.14612631 	           0.01291893 	
          0.10437080 	           0.61094294 	          0.04063259 	           0.14294061 	
          0.14451381 	           0.20739140 	          0.00265687 	           0.00404243 	
          0.13051301 	           0.49760766 	          0.82469363 	           0.20309340 	
          0.04482236 	           0.29307844 	          0.07261591 	           0.40049456 	
          0.08423407 	           0.21491488 	          0.26802278 	           0.91387560 	
          0.77063182 	           0.40751891 	          0.19438992 	           0.26790871 	
          0.42000133 	           0.71986197 	          0.90748126 	           0.88019705 	
          0.81868264 	           0.33126188 	          0.09565262 	           0.68831133 	
          0.28866052 	           0.01531314 	          0.74968279 	           0.13471790 	
          0.94669433 	           0.32403523 	          0.27778293 	           0.08194789 	
          0.67801225 	           0.51567578 	          0.23502351 	           0.00017237 	
          0.75854886 	           1.00000000 	          0.01421611 	           0.02991344 	
          0.03516082 	           0.48667699 	          0.01625989 	           0.00000391 	
          0.77166925 	           0.01706367 	          0.15308237 	           0.16931247 	
          0.17652855 	           0.32159583 	          0.06363115 	           0.17602589 	
          0.18811665 	           0.38962857 	          0.95287726 	           0.00233010 	
          0.01946647 	           0.27098764 	          0.00001059 	           0.00005876 	
          0.02438769 	           0.92873153 	          0.00185684 	           0.00009838 	
          0.11283288 	           0.00297822 	          0.00027435 	           0.00000027 	
          0.15459443 	           0.00750571 	          0.00001436 	           0.00024157 	
          0.26740546 	           0.03598337 	          0.85742009 	           0.00733754 	
          0.84498107 	           0.00550437 	          0.61107020 	           0.03401487 	
          0.55731236 	           0.23028123 	          0.38263901 	           0.00001200 	
          0.28732164 	           0.04362058 	          0.16393135 	           0.04427442 	
          0.03911766 	           0.06510538 	          0.27316463 	           0.00003342 	
          0.97794825 	           0.72989959 	          0.56499455 	           0.01535244 	
          0.09426856 	           0.00189151 	          0.94151988 	           0.02035323 	
          0.28684537 	           0.17460245 	          0.43199423 	           0.00057138 	
          0.23010295 	           0.16916045 	          0.19785788 	           0.21428966 	
          0.44037143 	           0.62509706 	          0.17156760 	           0.08011421 	
          0.79627302 	           0.06308194 	          0.30915304 	           1.00000000 	
          0.32342778 	           0.09148877 	          0.16471198 	           0.18842181 	
          0.20633949 	           0.33033655 	          0.31339949 	           0.94674510 	
          0.44011342 	           0.17816129 	          0.03660233 	           0.38530945 	
          0.96894112 	           0.05113359 	          0.00482593 	           0.17829026 	
          0.43434674 	           0.01684340 	          0.89971440 	           0.33404130 	
          0.12435525 	           0.24061952 	          0.20139409 	           0.01858721 	
          0.06784053 	           0.18565397 	          0.02782240 	           0.49239022 	
          0.91832622 	           0.13895689 	          0.76255206 	           0.00671811 	
          0.28362954 	           0.01411178 	          0.94518660 	           0.91885711 	
          0.93070546 	           0.15214550 	          0.40833487 	           0.44555923 	
          0.13267341 	           0.00095218 	          0.35449982 	           0.49361114 	
          0.03767978 	           0.20390703 	          0.38123298 	           0.12403098 	
          0.65250440 	           0.96636091 	          0.31464391 	           0.22079485 	
          0.29266736 	           0.44702552 	          0.07117007 	           0.02869285 	
          0.29912668 	           0.05664157 	          0.06936823 	           0.92989831 	
          0.02217544 	           0.19125084 	          0.00245381 	           0.08089684 	
          0.37383031 	           0.99280679 	          0.53623098 	           0.30356303 	
          0.03006213 	           0.53832554 	          0.08314819 	           0.08861976 	
          0.24724784 	           0.02387077 	          0.42408665 	           0.01590917 	
          1.00000000 	           0.35642212 	          1.00000000 	           0.06412493 	
          0.14380710 	           0.07701342 	          0.96827288 	           0.00454588 	
          0.07855863 	           0.17661224 	          0.07736977 	           0.03315945 	
          0.76200029 	           0.74961737 	          0.49109325 	           0.31913911 	
          0.23834538 	           0.16867279 	          0.09201414 	           0.15424944 	
          0.13612369 	           0.08820550 	          0.00029415 	           0.01375506 	
          0.43491225 	           0.25471756 	          0.00870703 	           0.07482631 	
          0.31022990 	           0.06445217 	          0.46295062 	           0.01982422 	
          0.46301052 	           0.00348163 	          0.01111946 	           0.00381312 	
          0.00316213 	           0.00542668 	          0.01076648 	           0.01080922 	
          0.52290956 	           0.09846690 	          0.46134966 	           0.05079732 	
          0.01809272 	           0.73348851 	          0.20183401 	           0.28823749 	
          0.42941939 	           0.17799736 	          0.01199537 	           0.11054538 	
          0.47443175 	           0.14711215 	          0.88727262 	           0.59258746 	
          0.03660170 	           0.03425094 	          1.00000000 	           0.00256988 	
          0.80274506 	           0.62266801 	          0.36189915 	           0.46272699 	
          0.65979109 	           0.91473196 	          0.01363778 	           0.21316653 	
          0.96936291 	           0.88018220 	          0.34181180 	           0.09189412 	
          0.08365193 	           0.56302915 	          0.13708377 	           0.00718538 	
          0.29413061 	           0.84654350 	          0.00000119 	           0.00000463 	
          0.96817115 	           0.75444802 	          0.73801740 	           0.49429178 	
          0.97756047 	           0.67771030 	          0.22738883 	           0.05662537 	
          0.61488321 	           0.26847209 	          0.46314562 	           0.52104195 	
          0.43993511 	           0.46705890 	          0.28895202 	           0.45218797 	
          0.00739847 	           0.60040904 	          0.05170112 	           0.23303582 	
          0.54850029 	           0.53487210 	          0.09322548 	           0.45308807 	
          0.96603103 	           0.52072327 	          0.02079746 	           0.09976996 	
          0.39986357 	           0.37526695 	          0.30960889 	           0.51445572 	
          0.67855283 	           0.57809140 	          0.00013111 	           0.00009680 	
          0.76423434 	           0.68799297 	          0.11455001 	           0.14726829 	
          0.60704663 	           0.92672746 	          0.00112393 	           0.01176649 	
          0.15155933 	           1.00000000 	          0.00024794 	           0.00490725 	
          0.50124619 	           0.20821220 	          0.84337895 	           0.08935511 	
          0.61323081 	           0.56990353 	          0.00230167 	           0.47714621 	
          0.06155763 	           0.47449075 	          0.20395436 	           0.01607895 	
          0.22914900 	           0.85736714 	          0.59293459 	           0.21684245 	
          0.00340335 	           0.08424170 	          0.32795813 	           0.49896419 	
          0.39088656 	           0.82242196 	          0.25055344 	           0.06463485 	
          0.22023404 	           0.10668607 	          0.00000054 	           0.00000782 	
          0.13963976 	           0.99009775 	          0.00000367 	           0.00000026 	
          0.71325978 	           0.03913895 	          0.00017806 	           0.00000027 	
          0.54181019 	           0.48357723 	          0.06046751 	           0.07796896 	
          0.00540733 	           0.28840931 	          0.09416137 	           0.94439602 	
          0.03601170 	           0.63008996 	          0.12263148 	           0.51569048 	
          0.36028397 	           0.30255627 	          0.17226981 	           0.77131035 	
          0.25327631 	           0.49933137 	          0.01428067 	           0.76836779 	
          0.96664018 	           0.22552226 	          0.00065358 	           0.00050777 	
          0.64632722 	           0.05334634 	          0.00257820 	           0.00072536 	
          0.36907165 	           0.53237572 	          0.14293257 	           0.20199438 	
          0.26712036 	           0.38935310 	          0.44959216 	           0.33926590 	
          0.72791199 	           0.90279787 	          0.14207066 	           0.16827648 	
          0.06512780 	           0.51758662 	          0.04398760 	           0.11269088 	
          0.34770819 	           0.52129803 	          0.98174402 	           0.62667862 	
          0.97612978 	           0.09654341 	          0.00330717 	           0.35989503 	
          0.52037016 	           0.75422363 	          0.00007857 	           0.00188168 	
          0.76533185 	           0.16287071 	          0.18347731 	           0.25207970 	
          0.77203488 	           0.91754083 	          0.06400579 	           0.00000057 	
          0.81703460 	           0.57096395 	          0.21903533 	           0.99054084 	
          0.47473563 	           0.09405636 	          0.18500637 	           0.32192419 	
          0.29364361 	           0.24269505 	          0.01129160 	           0.23538865 	
          0.07081561 	           0.01393836 	          0.06828081 	           0.10828505 	
          0.24554140 	           1.00000000 	          0.00011161 	           0.07887130 	
          0.58562544 	           0.32818118 	          0.25086089 	           0.55336123 	
          0.15179062 	           0.42148336 	          0.03374257 	           0.93596834 	
          0.40825430 	           0.40992104 	          0.00615434 	           0.23828908 	
          0.18912091 	           0.55753559 	          0.00787500 	           0.01144294 	
          0.33039005 	           0.34211225 	          0.01016000 	           0.00001455 	
          0.00064458 	           0.00611197 	          0.05484899 	           0.00000078 	
          0.97441730 	           0.88992463 	          0.21608835 	           0.26787611 	
          0.12840262 	           0.02068218 	          0.98604479 	           0.00358795 	
          0.76182884 	           0.66162830 	          0.17646768 	           0.09016200 	
          0.48120270 	           0.18380769 	          0.51356699 	           0.00070772 	
          0.07913239 	           0.04529137 	          0.73311658 	           0.23086687 	
          0.43183235 	           0.59668364 	          0.63594807 	           0.00065062 	
                 NaN 	                  NaN 	          0.22198739 	           0.41226168 	
          0.82213109 	           0.82453249 	          0.00903684 	           0.00858037 	
          0.16868188 	           0.27888380 	          0.02342420 	           0.00260449 	
          0.17176367 	           0.06608246 	          0.00001410 	           0.00000411 	
          0.39327189 	           1.00000000 	          0.42345022 	           0.76303389 	
          0.01390621 	           0.11289429 	          0.06489392 	           0.06822671 	
          0.78043264 	           0.83944948 	          0.00119753 	           0.05450948 	
          0.98962260 	           0.49066579 	          0.17247024 	           0.48514793 	
          0.21410224 	           0.31162767 	          0.78705575 	           0.09962984 	
          0.73408562 	           0.56969200 	          0.28117115 	           0.10934768 	
          0.14637102 	           0.73442662 	          0.05503431 	           0.56696122 	
          0.91045108 	           0.61042635 	          0.28755086 	           0.01635647 	
          0.07423786 	           0.00196655 	          0.35624976 	           0.00145766 	
          0.11717274 	           0.26709873 	          0.00679907 	           0.46307417 	
          0.21866674 	           0.83405026 	          0.09381736 	           0.05972186 	
          0.09336323 	           0.62767468 	          0.00869267 	           0.14774421 	
          0.49520461 	           0.12891703 	          0.15183168 	           0.31802868 	
          0.00312094 	           0.30520232 	          0.11590333 	           0.58573710 	
          0.01474710 	           0.68641238 	          0.36881740 	           0.22400580 	
          0.20753973 	           0.03358624 	          0.41019107 	           0.81561086 	
          0.13510245 	           0.94332916 	          0.21746916 	           0.41223509 	
          0.92023022 	           0.04751087 	          0.00632424 	           0.00088935 	
          0.24653964 	           0.38203850 	          0.01875370 	           0.08770163 	
          0.08445605 	           0.46287056 	          0.77193533 	           0.07336928 	
          0.27670387 	           0.21816218 	          0.32541261 	           0.26140824 	
          0.66283992 	           0.83749434 	          0.07495476 	           0.00000673 	
          0.23262580 	           0.44406486 	          0.11215593 	           0.24219718 	
          0.57523393 	           0.10007691 	          0.00005836 	           0.00149513 	
          0.08562522 	           0.09519549 	          0.00008555 	           1.00000000 	
          0.29754999 	           0.01559965 	          0.00068333 	           0.09691158 	
          0.14132812 	           0.04927379 	          0.37701785 	           0.57758029 	
          0.67925255 	           0.67765135 	          0.34172153 	           0.22845103 	
          0.16282895 	           0.05644729 	          0.94072338 	           0.02351687 	
          0.36181796 	           0.13987484 	          0.07031878 	           0.65866193 	
          0.53490121 	           0.17349927 	          0.00236958 	           0.93397374 	
          0.18461514 	           0.25256458 	          0.09974685 	           0.00561754 	
          0.87840047 	           0.69144453 	          0.55258640 	           0.86195279 	
          0.51095222 	           0.14759875 	          0.02240947 	           0.28159081 	
          0.53739521 	           0.64682434 	          0.00440231 	           0.00061675 	
          0.95612297 	           0.00007769 	          0.46459591 	           0.47788586 	
          0.96492357 	           0.06822132 	          0.08056292 	           0.22450137 	
          0.00300394 	           0.13373301 	          0.00019817 	           0.00218047 	
          0.04871001 	           0.02379623 	          0.00158394 	           0.00013590 	
          0.11235918 	           0.92075245 	          0.04686950 	           0.17721380 	
          0.26083681 	           0.20720935 	          0.00002732 	           0.00462755 	
          0.35179280 	           0.25832019 	          0.41849182 	           0.11277624 	
          0.23785307 	           0.88474425 	          0.34907645 	           0.04520135 	
          0.01107895 	           0.62492640 	          0.00060948 	           0.54124721 	
          0.28367936 	           0.40242666 	          0.31387197 	           0.63300464 	
          0.00441381 	           0.70583013 	          0.14047623 	           0.33060042 	
          0.54993443 	           0.15491948 	          0.35630289 	           0.29919880 	
          0.16632929 	           0.16372085 	          0.25258836 	           0.97292524 	
          0.80554555 	           0.02458204 	          0.11793243 	           0.00503224 	
          1.00000000 	           0.60836403 	          0.18910229 	           0.27853125 	
          0.10730740 	           0.64042879 	          0.02043944 	           0.40818071 	
          0.43838564 	           0.44845944 	          0.02559928 	           0.26651859 	
          0.75518066 	           0.67332756 	          0.15057524 	           0.33523441 	
          0.32433127 	           0.33547233 	          0.19220231 	           0.42826041 	
          0.13020878 	           0.21718665 	          0.00073071 	           0.15217292 	
          0.45213513 	           0.65917370 	          0.90662526 	           0.63947566 	
          0.21646504 	           0.51263764 	          0.09914214 	           0.25112994 	
          0.57833863 	           0.07031292 	          0.00584207 	           0.01658875 	
          0.86363415 	           0.83496584 	          0.00158796 	           0.00070998 	
          0.85415490 	           0.48609227 	          0.52789970 	           0.80335923 	
          0.68119110 	           0.93260219 	          0.28619523 	           0.03397752 	
          0.02233306 	           0.19932849 	          0.02618121 	           0.19765927 	
          0.91891329 	           0.56481740 	          0.91268946 	           0.44878628 	
          0.04156296 	           0.05306237 	          0.00551793 	           0.00100522 	
          0.90372015 	           0.16178218 	          0.91095805 	           0.14882915 	
          0.66573837 	           0.32382837 	          0.31438760 	           0.16208716 	
          0.05418806 	           0.95894098 	          0.00440934 	           0.43458168 	
          0.41986950 	           0.37688397 	          0.48764679 	           0.15022152 	
          0.29041299 	           0.30773063 	          0.00014758 	           0.00974182 	
          0.15803159 	           0.08020230 	          0.48611899 	           0.17515997 	
          0.83929410 	           0.24510982 	          0.93061772 	           0.70037181 	
          0.98065126 	           0.02510364 	          0.00791716 	           0.04142130 	
          0.61825677 	           0.09509866 	          0.90547350 	           0.64845993 	
          0.94838762 	           0.75600027 	          0.24592369 	           0.39643147 	
          0.21981319 	           0.24193267 	          0.62867353 	           0.07045263 	
          0.38910829 	           0.04761842 	          0.05613599 	           0.00018418 	
          0.86172195 	           0.27608756 	          0.23406305 	           0.32233469 	
          0.31153950 	           0.16169168 	          0.29926234 	           0.55244783 	
          0.79627665 	           0.58148605 	          0.23786021 	           0.00001730 	
          0.71511401 	           0.46691619 	          0.10219805 	           0.00602366 	
          0.17161799 	           0.26281791 	          0.04106322 	           0.92542979 	
          0.02974019 	           0.47579613 	          0.03425399 	           0.27806059 	
          0.00826882 	           0.14153841 	          0.02004169 	           0.02989461 	
          0.15152922 	           0.72210840 	          0.00778171 	           0.19581233 	
          0.00595134 	           0.00221144 	          0.00000807 	           0.08381750 	
          0.66707420 	           0.29527899 	          0.30617242 	           0.05550022 	
          0.91938712 	           0.26912992 	          0.44665327 	           0.38405388 	
          0.01106801 	           0.84159907 	          0.73832850 	           0.00627072 	
          0.00083157 	           0.08667780 	          0.00191151 	           0.00041084 	
          0.01178968 	           0.85530526 	          0.16026044 	           0.25400886 	
          0.00758597 	           0.29820225 	          0.36280589 	           1.00000000 	
          0.07829571 	           0.83715333 	          0.00057887 	           0.00839137 	
          0.12048769 	           0.04056095 	          0.00093406 	           0.22691742 	
          0.13779206 	           0.28680433 	          0.19719397 	           0.00215134 	
          0.83423678 	           0.42234339 	          0.14803184 	           0.41626384 	
          0.97874888 	           0.91266181 	          0.57773718 	           0.00002013 	
          0.46884280 	           0.23957984 	          0.17368106 	           0.38653051 	
          0.07241780 	           0.55520922 	          0.83460194 	           0.02251838 	
          0.00789722 	           0.67343058 	          0.14353943 	           0.10913417 	
          0.85912949 	           0.95682904 	          0.23658994 	           0.00011558 	
          0.13651858 	           0.91348842 	          0.10371632 	           0.08716079 	
          0.35311123 	           0.28991845 	          0.06732008 	           0.01748583 	
          0.15262810 	           0.40283360 	          0.00133268 	           0.00006078 	
          0.35080279 	           0.77527819 	          0.02230076 	           0.05265729 	
          0.04181364 	           0.36736994 	          0.13248438 	           0.00000064 	
          0.86865659 	           0.88994987 	          0.01973265 	           0.13702701 	
          0.68087700 	           0.74636965 	          0.09316042 	           0.25397312 	
          0.30852387 	           0.91390782 	          0.67432696 	           0.06994660 	
          0.40878107 	           0.43097583 	          0.10574791 	           0.29328827 	
          0.03862474 	           0.12780628 	          0.00779800 	           0.00013044 	
          0.41199165 	           0.04627313 	          0.12598320 	           0.09269434 	
          0.18565062 	           0.80540744 	          0.28563527 	           0.12264370 	
          0.84591795 	           0.77266684 	          0.00008385 	           0.24170837 	
          0.21547744 	           0.51115822 	          0.08292128 	           0.05571169 	
          0.76896470 	           0.10213162 	          0.00000073 	           0.03138822 	
          0.98895968 	           0.76153934 	          0.00054384 	           0.01904845 	
          0.58777399 	           0.97063825 	          0.00085971 	           0.00000182 	
          0.61105116 	           0.07361348 	          0.01190443 	           0.12305730 	
          0.32484907 	           0.21266359 	          0.10835528 	           0.00000001 	
          0.62971911 	           0.11370449 	          0.34723067 	           0.17735956 	
          0.91991281 	           0.06877367 	          0.00317401 	           0.00050799 	
          0.51298991 	           0.85295440 	          0.05917213 	           0.00016034 	
          0.70760242 	           0.78432973 	          0.77894240 	           0.56918364 	
          0.93134828 	           0.32656706 	          0.00126874 	           0.00916667 	
          0.41994679 	           0.20134795 	          0.00082842 	           0.03019522 	
          0.00597724 	           0.04368527 	          0.11723614 	           0.08107618 	
          0.03565823 	           0.32709199 	          0.23130458 	           0.24638478 	
          0.50558117 	           0.72792208 	          0.11142410 	           0.02679980 	
          0.73122118 	           0.45241716 	          0.00166351 	           0.00002294 	
          0.21943233 	           0.39473353 	          0.41047184 	           0.03876386 	
          0.48994931 	           0.12455844 	          0.08571048 	           0.20480682 	
          0.00332346 	           0.84087609 	          0.27872864 	           0.19456652 	
          0.53142075 	           0.36970190 	          0.06688824 	           0.20737039 	
          0.02535273 	           0.78498406 	          0.02474748 	           0.01225092 	
          0.80839759 	           0.02028855 	          0.09803031 	           0.51582200 	
          0.43627493 	           0.26261829 	          0.00001559 	           0.00001398 	
