1 
2 
6 
7 
8 
9 
10 
12 
13 
14 
18 
19 
21 
22 
23 
24 
25 
26 
27 
28 
29 
32 
34 
36 
37 
38 
40 
44 
45 
46 
47 
48 
49 
51 
52 
53 
54 
55 
56 
57 
58 
59 
61 
62 
63 
64 
65 
66 
67 
68 
69 
70 
73 
74 
75 
76 
77 
79 
80 
81 
82 
83 
84 
85 
86 
87 
88 
89 
91 
92 
93 
94 
95 
96 
97 
98 
101 
106 
111 
115 
116 
117 
119 
124 
125 
126 
127 
129 
130 
131 
134 
135 
136 
137 
140 
142 
149 
150 
151 
152 
159 
160 
165 
169 
171 
172 
174 
185 
186 
187 
190 
191 
193 
195 
196 
197 
198 
199 
200 
201 
202 
203 
204 
205 
206 
207 
208 
209 
210 
211 
212 
213 
214 
215 
216 
217 
218 
219 
224 
225 
226 
227 
228 
229 
231 
234 
235 
236 
237 
238 
239 
240 
241 
242 
243 
245 
246 
247 
248 
252 
253 
255 
256 
260 
261 
262 
263 
264 
265 
266 
267 
268 
269 
271 
272 
273 
275 
276 
277 
279 
280 
284 
285 
286 
289 
290 
291 
294 
295 
296 
298 
300 
301 
302 
303 
304 
305 
307 
308 
320 
321 
322 
331 
332 
335 
338 
345 
359 
361 
368 
369 
371 
374 
375 
376 
377 
379 
380 
382 
383 
384 
385 
386 
387 
389 
390 
391 
392 
393 
394 
397 
404 
405 
406 
407 
409 
410 
412 
415 
416 
417 
418 
420 
421 
422 
423 
424 
425 
426 
427 
428 
430 
432 
434 
435 
437 
440 
441 
444 
447 
448 
452 
454 
455 
456 
457 
458 
459 
460 
461 
462 
465 
466 
467 
474 
475 
478 
481 
483 
493 
496 
497 
499 
500 
501 
502 
503 
504 
506 
507 
508 
509 
510 
511 
512 
513 
514 
515 
516 
517 
518 
519 
520 
522 
523 
533 
534 
535 
536 
538 
540 
541 
543 
547 
548 
549 
550 
552 
554 
555 
556 
557 
559 
560 
561 
563 
564 
565 
566 
567 
568 
569 
570 
571 
572 
573 
574 
575 
585 
587 
588 
589 
594 
595 
596 
599 
609 
610 
614 
619 
622 
623 
624 
626 
637 
638 
639 
640 
641 
642 
643 
644 
645 
646 
647 
648 
649 
650 
651 
652 
655 
656 
657 
658 
659 
661 
664 
665 
668 
669 
670 
672 
674 
678 
680 
681 
682 
685 
687 
688 
689 
690 
691 
694 
695 
696 
699 
701 
702 
704 
706 
707 
708 
709 
710 
711 
713 
714 
719 
721 
729 
731 
733 
738 
749 
750 
751 
752 
753 
754 
755 
756 
757 
758 
759 
760 
761 
763 
764 
765 
766 
768 
769 
770 
772 
773 
774 
776 
777 
778 
779 
780 
781 
782 
783 
784 
787 
789 
790 
794 
796 
797 
798 
799 
801 
802 
803 
805 
806 
809 
812 
813 
814 
816 
818 
820 
823 
829 
830 
831 
832 
833 
834 
835 
836 
837 
838 
839 
840 
841 
843 
844 
845 
846 
847 
848 
849 
850 
851 
852 
853 
856 
857 
858 
859 
860 
862 
863 
864 
865 
866 
867 
868 
869 
870 
871 
872 
873 
874 
875 
876 
877 
878 
879 
880 
881 
882 
883 
884 
885 
887 
888 
889 
890 
891 
892 
893 
894 
896 
897 
898 
899 
900 
901 
902 
903 
904 
905 
907 
908 
909 
910 
911 
913 
914 
915 
916 
921 
923 
925 
926 
930 
931 
932 
934 
935 
936 
938 
939 
940 
941 
942 
944 
945 
946 
948 
949 
956 
958 
959 
961 
964 
965 
966 
967 
968 
969 
970 
972 
973 
974 
975 
976 
977 
978 
981 
982 
983 
984 
985 
986 
987 
988 
990 
992 
993 
995 
996 
1001 
1004 
1005 
1006 
1007 
1008 
1010 
1011 
1012 
1013 
1015 
1016 
1020 
1021 
1022 
1023 
1024 
1025 
1026 
1029 
1030 
1031 
1032 
1033 
1034 
1035 
1036 
1038 
1039 
1040 
1041 
1042 
1043 
1044 
1045 
1046 
1049 
1050 
1051 
1052 
1053 
1054 
1055 
1056 
1057 
1058 
1059 
1060 
1061 
1062 
1063 
1065 
1066 
1067 
1068 
1070 
1071 
1072 
1073 
1074 
1075 
1076 
1077 
1078 
1080 
1081 
1082 
